396545393
396545175
396545203
396546043
396545381
396545224
2115500199
396545382
396545319
396545321
396545320
396545323
396545191
396545129
396545322
396545324
396545366
2115500179
396546444
396545137
396546042
396545198
396546041
396545365
396545138
396546406
396545400
396545397
396545396
396545395
396545398
396545438
396545604
396545437
396546044
396546416
396545435
396546025
396546024
396546022
396546021
396546020
2115500432
396546023
2115500150
396546054
396546053
396546047
396547166
396546052
396546051
396546049
396546050
396546048
2115500138
396545445
396545599
2115500309
396546501
396545446
396545447
396545450
396545448
396546045
396545449
396547134
396545136
396545364
396546332
396545360
396545214
396546443
396546442
396545363
396545361
396545196
396545223
396547121
396545134
396545359
396545442
396545441
396545440
396545598
396545492
396546521
396546522
396545316
396545314
396545317
396545312
396545313
396546040
396546177
396545315
396546088
396546385
396546440
396545657
396545677
396545326
396545678
396545655
396545653
396545666
396545631
396545648
396545650
2115500305
2115500306
2115500308
2115500148
2115500307
396545302
396545308
396545305
396545307
396545306
396545303
2115500160
396545458
396545163
396546108
396545455
396545457
396545165
396545217
396545453
396545607
396545227
396545162
396545210
396545160
396545219
396545161
396546086
396546055
396545209
2115500149
396545452
396545211
396546061
396546059
396545392
396546058
396545310
396546419
396545231
396546034
396545299
396545298
396545374
396545300
2115500137
396545212
396545375
396545183
396545377
396545380
396545378
396545373
396545187
396545468
396545236
396545460
396546114
396546520
396546410
396545466
396546411
2115500156
396545462
396545459
396546115
396545232
396545463
396546519
396546085
396545465
396545233
396545235
396545234
396546112
2115500159
396547165
396546113
396545461
396545665
396545663
396546062
396545664
396545676
396545372
396545371
396546026
396545368
396545369
396545370
396546874
396545358
396546441
396546500
396546499
396546498
396547122
396545386
396545391
396545388
396545385
396545390
396545116
396545389
396545384
396545383
2115500194
2115500188
2115500193
2115500189
2115500192
2115500187
2115500190
2115500186
2115500191
396547158
396547135
396546107
396546106
2115500467
396546308
1351195638
396546427
396546421
396546423
396546425
396546159
396546428
396546424
2115500470
396546105
396546430
2115500628
396546103
396546426
396546104
2115500469
396546429
2115500471
396546422
1351195639
2115500468
2115500185
2115500183
2115500184
2115500180
2115500182
2115500181
2115500209
2115500201
2115500207
2115500208
2115500204
2115500203
2115500205
2115500200
2115500202
2115500206
396545486
396545498
396547129
396545495
396545494
396545488
396545496
396545493
396545489
396545490
396545491
396545521
396546121
396545514
396545515
396545509
396545511
396545512
396545517
396545516
396545519
396545513
396545520
396545518
396545510
396545507
396545500
396546117
396545505
396545502
396545503
396545506
396546120
396546119
396546118
396546116
396545501
396545504
396546365
396546381
396546372
396546373
396546367
396546374
396546380
396546375
396546370
396546368
396546376
396546377
396546371
396546369
396546379
396546366
396546378
2115500178
396547014
396545561
396546995
396547004
396547003
396547022
396546994
396545555
396547002
396547008
396545559
396546996
396545560
396547000
396546999
396547020
396547021
396547019
396547013
396547012
396547006
396547001
396547007
396547024
396546997
396545557
396547011
396545556
396547016
396545554
396547018
396547017
396547010
396546998
396547009
396547025
396547015
396547005
396545553
396546993
396547023
396545558
396546896
396546894
396546895
396546892
396546893
396547125
396546918
396546900
396546898
396546907
396546901
396546902
396546903
396546899
396546910
396546906
396546917
396546897
396546915
396546914
396546913
396546911
396546912
396546908
396546909
396546905
396546904
396546958
396546950
396546970
396546949
396546959
396546960
396546963
396546953
396546969
396546951
396546947
396546946
396546957
396546948
396546956
396547051
396546961
396546952
396546967
396546955
396546962
396546966
396546965
396546964
396546954
396546968
396546144
396546125
396546123
396546126
396546127
396546124
396545551
396545544
396545543
396545550
396545547
396545542
396545549
396545546
396545548
396545545
396545564
396545565
396545563
396545525
396545534
396545538
396546122
396545528
396545524
396545532
396545531
396545533
396546924
396546920
396546919
396546945
396546933
396546922
396546937
396546936
396546928
396546921
396546939
396546923
396546942
396546943
396546932
396546929
396546927
396546930
396546931
396546941
396546940
396546926
396546934
396546938
396546944
396546925
396546935
396546154
396546158
396546148
396546153
396546147
396546152
396546150
396546145
396546156
396547044
396547048
396547045
396547047
396547046
396546151
2115500438
396546149
396546146
396546157
396546155
396545574
396545567
396545577
396545572
396545597
396545578
396545579
396545568
396545585
396545575
396545580
396545576
396545589
396545569
396545588
396545581
396545583
396545584
396545591
396545590
396545593
396545595
396545592
396545570
396545596
396545594
396545586
396545571
396545573
396545582
396545587
396546980
396546986
396546992
396546977
396546979
396546978
396546972
396546991
396546971
396546973
396546985
396546982
396546987
396546975
396546974
396546981
396546976
396546990
396546983
396546988
396546984
396546989
396546128
396546130
396546138
396546143
396546137
2115500197
396546133
396546131
396546132
396546134
396546142
396546139
396546135
2115500198
396546140
396546129
396546136
396546141
396547027
396547043
396547037
396547033
396547030
396547034
396547035
396547032
396547036
396547026
396547031
396547029
396547042
396547038
396547040
396547041
396547028
396547039
2115500607
396545497
2115500605
2115500614
2115500606
2115500615
2115500610
2115500616
2115500617
2115500608
2115500609
2115500619
2115500604
2115500612
2115500613
2115500618
2115500611
2115500620
396546890
396546891
396546880
396546888
396546875
396546877
396546881
396546889
396546879
396546885
396546883
396546884
396546882
396546887
396546886
396546878
396545473
396545600
396545481
396545472
396545480
396545471
396545478
396545477
396545479
396545482
396545474
396545483
2115500177
396545476
396545475
396545609
396545611
396546097
396545618
396546310
396546311
396546433
396545625
396546312
396545623
396546436
396545613
396545629
396545619
396546438
396546313
396545610
396545628
396546431
396545624
396545622
396545617
396545620
396546101
396546435
396546309
396545627
396545615
1351195640
396546437
396546432
396545626
396545616
396545668
396545614
396546439
396545612
396546099
396546102
396546100
396545621
396546434
2115500154
2115500152
2115500151
2115500153
2115500155
396546304
396546301
2115500162
2115500161
396546394
396546505
396546160
396546507
396546503
396546096
396546510
396546506
396546303
396546502
396546504
396546511
1351195684
396547153
396546508
396547155
396546509
396547174
396547172
396547173
396547157
396547156
396546039
396546037
396546035
396546036
396546038
396547178
396546109
396547176
396547175
396547177
396546415
396546413
2115500158
396546414
2115500157
396547187
396547186
396547189
396547188
396546395
396547154
396546401
396546514
396546400
396546513
396546399
396546404
396546397
396546396
396546405
396546398
396546512
396546518
396546517
396546516
396546515
396545675
396545673
396545674
396545670
396545672
396545671
396545669
2115500145
2115500147
2115500141
2115500144
2115500140
2115500146
2115500142
2115500139
396546199
396546194
396546196
396546203
396546198
396546200
396546204
396546206
396546205
396546284
396546195
396546197
396546201
2115500488
2115500472
396547127
2115500486
2115500473
2115500474
2115500485
2115500484
2115500477
2115500490
2115500481
2115500479
2115500483
2115500480
2115500489
2115500487
2115500482
2115500475
2115500478
2115500476
396546315
396546331
396546322
396546323
396546317
396546324
396546330
396546325
396546320
396546318
396546326
396546327
396546321
396546319
396546329
396546316
396546328
1351195644
1351195645
1351195648
1351195642
1351195646
1351195643
1351195650
1351195649
1351195647
396546604
396546616
396546580
396546591
396546590
396546612
396546578
396546579
396546589
396546596
396546597
396546581
396546603
396546586
396546585
396546610
396546611
396546609
396546602
396546601
396546593
396546587
396546595
396546614
396546582
396546588
396546600
396546584
396546606
396546577
396546608
396546607
396546599
396546583
396546598
396546615
396546605
396546592
396546575
396546576
396546613
396546594
396546476
396546474
396546475
396546472
396546473
396546497
396546480
396546478
396546487
396546481
396546482
396546483
396546479
396546490
396546486
396546496
396546477
396546494
396546493
396546491
396546492
396546488
396546489
396546485
396546484
396547136
396546566
396546562
396546563
396546572
396546574
396546565
396546564
396546560
396546567
396546561
396546568
396546569
396546570
396546573
396546571
396546229
396546227
396546225
396546228
396546230
396546226
396547098
396547097
396547096
396546538
396546525
396546524
396546529
396546535
396546537
396546536
396546530
396546531
396546523
396546532
396546534
396546528
396546526
396546533
396546527
2115500498
2115500518
2115500500
2115500511
2115500509
2115500504
2115500497
2115500499
2115500496
2115500512
2115500506
2115500507
2115500503
2115500493
2115500502
2115500495
2115500494
2115500515
2115500516
2115500513
2115500508
2115500517
2115500505
2115500514
2115500501
2115500510
396546188
396546192
396546182
396546187
396546181
396546186
396546184
396546179
396546190
396546617
396546621
396546618
396546620
396546619
396546185
2115500436
396546183
396546180
396546191
396546189
396545335
396545328
396545338
396545333
396546172
396545339
396545340
396545329
396545346
396545336
396545341
396545337
396545350
396545330
396545349
396545342
396545344
396545345
396545352
396545351
396545354
396545356
396545353
396545331
396545357
396545355
396545347
396545332
396545334
396545343
396545348
396546548
396546554
396547130
396546545
396546547
396546546
396546541
396546559
396546540
396546553
396546550
396546555
396546543
396546542
396546549
396546544
396546558
396546551
396546556
396546552
396546557
396546208
396546210
396546218
396546221
396546217
2115500196
396546213
396546211
396546212
396546214
396546223
396546219
396546215
2115500195
396546220
396546209
396546216
396546222
396547095
396547094
396547091
396547087
396547093
396547092
396547085
396547088
396547086
396547089
396547090
396546672
396546632
396546631
396546633
396546643
396546663
396546660
396546661
396546652
396546627
396546628
396546626
396546630
396546653
396546666
396546655
396546637
396546639
396546659
396546651
396546657
396546646
396546654
396546664
396546665
396546640
396546667
396546629
396546647
396546635
396546636
396546662
396546669
396546658
396546650
396546668
396546645
396546656
396546671
396546670
396546638
396546644
396546623
396546622
396546624
396546625
396546634
396546642
396546641
396546648
396546649
2115500522
396547128
2115500520
2115500528
2115500521
2115500529
2115500524
2115500530
2115500531
2115500523
2115500533
2115500519
2115500526
2115500527
2115500532
2115500525
2115500534
396546470
396546471
396546460
396546468
396546455
396546457
396546461
396546469
396546459
396546465
396546463
396546464
396546462
396546467
396546466
396546458
1351195654
1351195655
1351195658
1351195652
1351195656
1351195653
1351195660
1351195659
1351195657
396547084
396547082
396547079
396547083
396547081
396547080
